$ 1 0.000005 2.688763906446752 54 5 50 5e-11
165 144 128 160 128 6 8.989412494074978
w 272 160 304 160 0
w 304 160 304 80 0
w 304 80 208 80 0
w 208 96 208 80 0
w 272 192 336 192 0
162 336 192 336 240 2 default-led 1 0 0 0.01
g 240 320 240 352 0 0
w 240 288 240 320 0
r 96 80 176 80 0 1000
w 208 80 176 80 0
w 96 80 96 160 0
w 144 160 96 160 0
r 48 176 48 256 0 25000
w 96 160 48 160 0
w 48 176 48 160 0
w 48 256 112 256 0
209 112 272 112 336 0 0.000009999999999999999 3.26834016185348 0.001 1
w 112 256 112 272 0
w 112 336 192 336 0
w 192 336 192 320 0
w 240 320 192 320 0
r 272 320 336 320 0 680
w 336 240 336 320 0
w 272 320 240 320 0
R 208 64 208 32 0 0 40 9 0 0 0.5
w 208 80 208 64 0
w 112 256 144 256 0
w 112 256 112 224 0
w 112 224 144 224 0
